08
16
19
21
26
28
32
37
38
42
44
45
46
48
54
55
58
64
66
69
74
76
78
83
84
91
92
96
99
064
114
226
268
281
286
326
332
350
415
436
468
512
522
537
542
651
663
696
842
892
929
972
0012
0101
0264
0708
1234
1543
3065
3113
3121
3267
3432
3463
5421
5467
5489
6348
6457
6524
6531
6578
6647
6950
7602
7886
8546
8789
8945
9020
9872
9965
01928
02083
12456
12548
24513
24713
32795
45627
45687
46879
56485
67856
89945
93490
152110
213438
245134
346899
355768
413785
457895
457896
491411
685489
721366
752345
849549
987564
1457446
1914543
2380262
3357518
3447146
4214113
5738961
6119477
7354704
8782709
26966996
65543428
65789966
79858256
86231239
99465274
432689477
458662147
479856559
569382389
862242988
906614968